0.000 1.000 10151.800 90084.400
0.000 2.000 270.200 3000.600
0.000 3.000 161.700 1798.800
0.000 4.000 10629.800 93402.600
0.000 5.000 395.900 4394.600
0.000 6.000 9986.700 88936.700
0.000 7.000 10630.400 93406.900
0.000 8.000 10735.100 94131.700
0.000 9.000 10405.000 91840.100
0.000 10.000 59.300 663.800
0.000 11.000 161.500 1796.900
0.000 12.000 134.100 1487.600
0.000 13.000 198.400 2201.600
0.000 14.000 10495.700 92469.300
0.000 15.000 263.900 2929.700
0.000 16.000 201.900 2243.900
0.000 17.000 18.200 203.200
0.000 18.000 120.000 1331.800
0.000 19.000 124.200 1384.200
0.000 20.000 48.400 536.300
0.000 21.000 141.900 1580.300
0.000 22.000 250.600 2118.000
0.000 23.000 158.300 1762.500
0.000 24.000 160.300 1784.200
0.000 25.000 10726.700 94073.300
0.000 26.000 14.500 161.500
0.000 27.000 118.500 1314.900
0.000 28.000 10681.100 93756.400
0.000 29.000 10191.900 90362.900
0.000 30.000 10063.800 89473.000
0.000 31.000 42.400 475.500
0.000 32.000 18.200 203.200
0.000 33.000 10809.600 94650.700
0.000 34.000 118.500 1314.900
0.000 35.000 10280.100 90975.300
0.000 36.000 159.300 1773.000
0.000 37.000 10192.900 90369.800
0.000 38.000 341.200 3785.000
0.000 39.000 160.800 1789.700
0.000 40.000 265.200 2944.100
0.000 41.000 20.000 223.300
0.000 42.000 176.800 1966.300
0.000 43.000 9945.400 88648.200
0.000 44.000 263.900 2929.700
0.000 45.000 10632.800 93423.800
0.000 46.000 238.600 2651.600
0.000 47.000 158.800 1767.800
0.000 48.000 60.200 672.800
0.000 49.000 10726.700 94073.300
0.000 50.000 175.000 1940.700
0.000 51.000 10384.600 91698.300
0.000 52.000 158.300 1762.500
0.000 53.000 10630.400 93406.900
0.000 54.000 116.000 1292.600
0.000 55.000 10581.600 93066.800
0.000 56.000 10166.400 90185.600
0.000 57.000 10280.700 90979.700
0.000 58.000 65.200 722.300
0.000 59.000 57.700 645.500
0.000 60.000 268.600 2983.100
0.000 61.000 10281.300 90984.000
0.000 62.000 250.600 2118.000
0.000 63.000 65.700 727.500
0.000 64.000 10681.100 93756.400
0.000 65.000 168.300 1872.300
0.000 66.000 10437.700 92067.500
0.000 67.000 5410.300 58020.200
0.000 68.000 10062.700 89464.900
0.000 69.000 10157.900 90126.200
0.000 70.000 10218.900 90550.500
0.000 71.000 10134.600 89965.500
0.000 72.000 36.200 403.300
0.000 73.000 10550.000 92847.100
0.000 74.000 10280.100 90975.300
0.000 75.000 10726.200 94069.900
0.000 76.000 10146.200 90045.300
0.000 77.000 10079.300 87915.800
0.000 78.000 65.200 722.300
0.000 79.000 160.300 1784.200
0.000 80.000 10192.900 90369.800
0.000 81.000 263.900 2929.700
0.000 82.000 21.300 239.700
0.000 83.000 293.200 3257.800
0.000 84.000 9918.500 88460.100
0.000 85.000 128.600 1274.200
0.000 86.000 10726.200 94069.900
0.000 87.000 163.900 1823.300
0.000 88.000 10630.900 93410.700
0.000 89.000 117.000 1298.100
0.000 90.000 22.300 250.700
0.000 91.000 6.900 75.900
0.000 92.000 65.200 722.300
0.000 93.000 162.600 1808.600
0.000 94.000 9986.700 88936.700
0.000 95.000 10809.600 94650.700
0.000 96.000 287.900 3199.000
0.000 97.000 9945.400 88648.200
0.000 98.000 191.600 2130.100
0.000 99.000 10155.000 90106.500
1.000 0.000 10152.100 90084.400
1.000 2.000 10422.300 93085.000
1.000 3.000 10313.800 91883.100
1.000 4.000 478.000 3318.200
1.000 5.000 9756.200 85689.700
1.000 6.000 165.100 1147.600
1.000 7.000 478.600 3322.500
1.000 8.000 583.300 4047.300
1.000 9.000 253.200 1755.700
1.000 10.000 10211.400 90748.200
1.000 11.000 10313.600 91881.300
1.000 12.000 10018.000 88596.800
1.000 13.000 9953.700 87882.800
1.000 14.000 343.900 2385.000
1.000 15.000 9888.200 87154.700
1.000 16.000 10354.000 92328.200
1.000 17.000 10133.900 89881.200
1.000 18.000 10032.100 88752.600
1.000 19.000 10276.300 91468.600
1.000 20.000 10103.700 89548.100
1.000 21.000 10294.000 91664.600
1.000 22.000 10402.700 92202.400
1.000 23.000 10310.400 91846.900
1.000 24.000 10312.400 91868.600
1.000 25.000 574.900 3988.900
1.000 26.000 10137.600 89922.900
1.000 27.000 10033.600 88769.500
1.000 28.000 529.300 3672.000
1.000 29.000 40.100 278.600
1.000 30.000 88.000 611.400
1.000 31.000 10194.500 90559.900
1.000 32.000 10133.900 89881.200
1.000 33.000 657.800 4566.300
1.000 34.000 10033.600 88769.500
1.000 35.000 128.300 890.900
1.000 36.000 10311.400 91857.400
1.000 37.000 41.100 285.500
1.000 38.000 9810.900 86299.400
1.000 39.000 10312.900 91874.100
1.000 40.000 9886.900 87140.300
1.000 41.000 10132.100 89861.100
1.000 42.000 10328.900 92050.600
1.000 43.000 206.400 1436.200
1.000 44.000 9888.200 87154.700
1.000 45.000 481.000 3339.400
1.000 46.000 10390.700 92735.900
1.000 47.000 10310.900 91852.200
1.000 48.000 10212.300 90757.200
1.000 49.000 574.900 3988.900
1.000 50.000 9977.100 88143.700
1.000 51.000 232.800 1613.900
1.000 52.000 10310.400 91846.900
1.000 53.000 478.600 3322.500
1.000 54.000 10268.100 91377.000
1.000 55.000 429.800 2982.400
1.000 56.000 14.600 101.200
1.000 57.000 128.900 895.400
1.000 58.000 10086.900 89362.100
1.000 59.000 10209.800 90729.900
1.000 60.000 10420.700 93067.500
1.000 61.000 129.500 899.600
1.000 62.000 10402.700 92202.400
1.000 63.000 10086.400 89356.900
1.000 64.000 529.300 3672.000
1.000 65.000 10320.400 91956.600
1.000 66.000 285.900 1983.100
1.000 67.000 11260.700 105890.700
1.000 68.000 89.100 619.500
1.000 69.000 6.100 41.800
1.000 70.000 67.100 466.200
1.000 71.000 17.200 118.900
1.000 72.000 10115.900 89681.100
1.000 73.000 398.200 2762.700
1.000 74.000 128.300 890.900
1.000 75.000 574.400 3985.500
1.000 76.000 5.600 39.100
1.000 77.000 1406.900 8053.400
1.000 78.000 10086.900 89362.100
1.000 79.000 10312.400 91868.600
1.000 80.000 41.100 285.500
1.000 81.000 9888.200 87154.700
1.000 82.000 10173.400 90324.100
1.000 83.000 10445.300 93342.200
1.000 84.000 233.300 1624.300
1.000 85.000 10280.700 91358.500
1.000 86.000 574.400 3985.500
1.000 87.000 10316.000 91907.700
1.000 88.000 479.100 3326.300
1.000 89.000 10035.100 88786.200
1.000 90.000 10174.400 90335.100
1.000 91.000 10145.200 90008.500
1.000 92.000 10086.900 89362.100
1.000 93.000 10314.700 91893.000
1.000 94.000 165.100 1147.600
1.000 95.000 657.800 4566.300
1.000 96.000 10440.000 93283.400
1.000 97.000 206.400 1436.200
1.000 98.000 10343.700 92214.400
1.000 99.000 3.200 22.100
2.000 0.000 270.200 3000.600
2.000 1.000 10422.000 93085.000
2.000 3.000 108.500 1201.800
2.000 4.000 10900.000 96403.200
2.000 5.000 666.100 7395.200
2.000 6.000 10256.900 91937.300
2.000 7.000 10900.600 96407.400
2.000 8.000 11005.300 97132.300
2.000 9.000 10675.200 94840.700
2.000 10.000 210.900 2336.800
2.000 11.000 108.700 1203.600
2.000 12.000 404.300 4488.100
2.000 13.000 468.600 5202.200
2.000 14.000 10765.900 95469.900
2.000 15.000 534.100 5930.300
2.000 16.000 68.300 756.700
2.000 17.000 288.400 3203.700
2.000 18.000 390.200 4332.400
2.000 19.000 146.000 1616.400
2.000 20.000 318.600 3536.900
2.000 21.000 128.300 1420.300
2.000 22.000 346.400 3092.800
2.000 23.000 111.900 1238.100
2.000 24.000 109.900 1216.400
2.000 25.000 10996.900 97073.900
2.000 26.000 284.700 3162.100
2.000 27.000 388.700 4315.500
2.000 28.000 10951.300 96757.000
2.000 29.000 10462.100 93363.500
2.000 30.000 10334.000 92473.600
2.000 31.000 227.800 2525.100
2.000 32.000 288.400 3203.700
2.000 33.000 11079.800 97651.300
2.000 34.000 388.700 4315.500
2.000 35.000 10550.300 93975.800
2.000 36.000 110.900 1227.600
2.000 37.000 10463.100 93370.400
2.000 38.000 611.400 6785.600
2.000 39.000 109.400 1210.900
2.000 40.000 535.400 5944.600
2.000 41.000 290.200 3223.800
2.000 42.000 93.400 1034.300
2.000 43.000 10215.600 91648.800
2.000 44.000 534.100 5930.300
2.000 45.000 10903.000 96424.400
2.000 46.000 31.600 349.000
2.000 47.000 111.400 1232.800
2.000 48.000 210.000 2327.700
2.000 49.000 10996.900 97073.900
2.000 50.000 445.200 4941.200
2.000 51.000 10654.800 94698.900
2.000 52.000 111.900 1238.100
2.000 53.000 10900.600 96407.400
2.000 54.000 154.200 1708.000
2.000 55.000 10851.800 96067.300
2.000 56.000 10436.600 93186.200
2.000 57.000 10550.900 93980.300
2.000 58.000 335.400 3722.900
2.000 59.000 212.500 2355.000
2.000 60.000 1.600 17.500
2.000 61.000 10551.500 93984.600
2.000 62.000 346.400 3092.800
2.000 63.000 335.900 3728.100
2.000 64.000 10951.300 96757.000
2.000 65.000 101.900 1128.300
2.000 66.000 10707.900 95068.100
2.000 67.000 5680.500 61020.700
2.000 68.000 10332.900 92465.400
2.000 69.000 10428.100 93126.800
2.000 70.000 10489.100 93551.100
2.000 71.000 10404.800 92966.100
2.000 72.000 306.400 3403.900
2.000 73.000 10820.200 95847.600
2.000 74.000 10550.300 93975.800
2.000 75.000 10996.400 97070.400
2.000 76.000 10416.400 93045.900
2.000 77.000 10349.500 90916.400
2.000 78.000 335.400 3722.900
2.000 79.000 109.900 1216.400
2.000 80.000 10463.100 93370.400
2.000 81.000 534.100 5930.300
2.000 82.000 248.900 2760.900
2.000 83.000 23.000 257.200
2.000 84.000 10188.700 91460.600
2.000 85.000 224.400 2248.900
2.000 86.000 10996.400 97070.400
2.000 87.000 106.300 1177.300
2.000 88.000 10901.100 96411.200
2.000 89.000 387.200 4298.700
2.000 90.000 247.900 2749.800
2.000 91.000 277.100 3076.500
2.000 92.000 335.400 3722.900
2.000 93.000 107.600 1192.000
2.000 94.000 10256.900 91937.300
2.000 95.000 11079.800 97651.300
2.000 96.000 17.700 198.400
2.000 97.000 10215.600 91648.800
2.000 98.000 78.600 870.500
2.000 99.000 10425.200 93107.000
3.000 0.000 161.700 1798.800
3.000 1.000 10313.500 91883.100
3.000 2.000 108.500 1201.800
3.000 4.000 10791.500 95201.400
3.000 5.000 557.600 6193.400
3.000 6.000 10148.400 90735.500
3.000 7.000 10792.100 95205.600
3.000 8.000 10896.800 95930.400
3.000 9.000 10566.700 93638.800
3.000 10.000 102.400 1135.000
3.000 11.000 0.200 1.800
3.000 12.000 295.800 3286.300
3.000 13.000 360.100 4000.300
3.000 14.000 10657.400 94268.100
3.000 15.000 425.600 4728.400
3.000 16.000 40.200 445.100
3.000 17.000 179.900 2001.900
3.000 18.000 281.700 3130.600
3.000 19.000 37.500 414.600
3.000 20.000 210.100 2335.100
3.000 21.000 19.800 218.500
3.000 22.000 237.900 1890.900
3.000 23.000 3.400 36.300
3.000 24.000 1.400 14.500
3.000 25.000 10888.400 95872.100
3.000 26.000 176.200 1960.300
3.000 27.000 280.200 3113.700
3.000 28.000 10842.800 95555.200
3.000 29.000 10353.600 92161.700
3.000 30.000 10225.500 91271.800
3.000 31.000 119.300 1323.200
3.000 32.000 179.900 2001.900
3.000 33.000 10971.300 96449.500
3.000 34.000 280.200 3113.700
3.000 35.000 10441.800 92774.000
3.000 36.000 2.400 25.700
3.000 37.000 10354.600 92168.600
3.000 38.000 502.900 5583.800
3.000 39.000 0.900 9.000
3.000 40.000 426.900 4742.800
3.000 41.000 181.700 2022.000
3.000 42.000 15.100 167.500
3.000 43.000 10107.100 90446.900
3.000 44.000 425.600 4728.400
3.000 45.000 10794.500 95222.500
3.000 46.000 76.900 852.800
3.000 47.000 2.900 31.000
3.000 48.000 101.500 1125.900
3.000 49.000 10888.400 95872.100
3.000 50.000 336.700 3739.400
3.000 51.000 10546.300 93497.100
3.000 52.000 3.400 36.300
3.000 53.000 10792.100 95205.600
3.000 54.000 45.700 506.200
3.000 55.000 10743.300 94865.500
3.000 56.000 10328.100 91984.300
3.000 57.000 10442.400 92778.500
3.000 58.000 226.900 2521.000
3.000 59.000 104.000 1153.200
3.000 60.000 106.900 1184.400
3.000 61.000 10443.000 92782.800
3.000 62.000 237.900 1890.900
3.000 63.000 227.400 2526.300
3.000 64.000 10842.800 95555.200
3.000 65.000 6.600 73.500
3.000 66.000 10599.400 93866.200
3.000 67.000 5572.000 59818.900
3.000 68.000 10224.400 91263.600
3.000 69.000 10319.600 91925.000
3.000 70.000 10380.600 92349.300
3.000 71.000 10296.300 91764.200
3.000 72.000 197.900 2202.100
3.000 73.000 10711.700 94645.800
3.000 74.000 10441.800 92774.000
3.000 75.000 10887.900 95868.600
3.000 76.000 10307.900 91844.100
3.000 77.000 10241.000 89714.600
3.000 78.000 226.900 2521.000
3.000 79.000 1.400 14.500
3.000 80.000 10354.600 92168.600
3.000 81.000 425.600 4728.400
3.000 82.000 140.400 1559.100
3.000 83.000 131.500 1459.000
3.000 84.000 10080.200 90258.800
3.000 85.000 115.900 1047.100
3.000 86.000 10887.900 95868.600
3.000 87.000 2.200 24.600
3.000 88.000 10792.600 95209.400
3.000 89.000 278.700 3096.900
3.000 90.000 139.400 1548.000
3.000 91.000 168.600 1874.700
3.000 92.000 226.900 2521.000
3.000 93.000 0.900 9.800
3.000 94.000 10148.400 90735.500
3.000 95.000 10971.300 96449.500
3.000 96.000 126.200 1400.200
3.000 97.000 10107.100 90446.900
3.000 98.000 29.900 331.300
3.000 99.000 10316.700 91905.200
4.000 0.000 10630.100 93402.600
4.000 1.000 478.000 3318.200
4.000 2.000 10900.300 96403.200
4.000 3.000 10791.800 95201.400
4.000 5.000 10234.200 89008.000
4.000 6.000 643.100 4465.900
4.000 7.000 0.600 4.300
4.000 8.000 105.300 729.100
4.000 9.000 224.800 1562.500
4.000 10.000 10689.400 94066.400
4.000 11.000 10791.600 95199.500
4.000 12.000 10496.000 91915.000
4.000 13.000 10431.700 91201.000
4.000 14.000 134.100 933.300
4.000 15.000 10366.200 90472.900
4.000 16.000 10832.000 95646.500
4.000 17.000 10611.900 93199.400
4.000 18.000 10510.100 92070.800
4.000 19.000 10754.300 94786.800
4.000 20.000 10581.700 92866.300
4.000 21.000 10772.000 94982.900
4.000 22.000 10880.700 95520.600
4.000 23.000 10788.400 95165.100
4.000 24.000 10790.400 95186.800
4.000 25.000 96.900 670.700
4.000 26.000 10615.600 93241.100
4.000 27.000 10511.600 92087.700
4.000 28.000 51.300 353.800
4.000 29.000 437.900 3039.700
4.000 30.000 566.000 3929.600
4.000 31.000 10672.500 93878.100
4.000 32.000 10611.900 93199.400
4.000 33.000 179.800 1248.100
4.000 34.000 10511.600 92087.700
4.000 35.000 349.700 2427.300
4.000 36.000 10789.400 95175.600
4.000 37.000 436.900 3032.800
4.000 38.000 10288.900 89617.600
4.000 39.000 10790.900 95192.300
4.000 40.000 10364.900 90458.500
4.000 41.000 10610.100 93179.400
4.000 42.000 10806.900 95368.900
4.000 43.000 684.400 4754.400
4.000 44.000 10366.200 90472.900
4.000 45.000 3.000 21.200
4.000 46.000 10868.700 96054.200
4.000 47.000 10788.900 95170.400
4.000 48.000 10690.300 94075.500
4.000 49.000 96.900 670.700
4.000 50.000 10455.100 91461.900
4.000 51.000 245.200 1704.300
4.000 52.000 10788.400 95165.100
4.000 53.000 0.600 4.300
4.000 54.000 10746.100 94695.200
4.000 55.000 48.200 335.900
4.000 56.000 463.400 3217.000
4.000 57.000 349.100 2422.900
4.000 58.000 10564.900 92680.300
4.000 59.000 10687.800 94048.200
4.000 60.000 10898.700 96385.700
4.000 61.000 348.500 2418.600
4.000 62.000 10880.700 95520.600
4.000 63.000 10564.400 92675.100
4.000 64.000 51.300 353.800
4.000 65.000 10798.400 95274.900
4.000 66.000 192.100 1335.100
4.000 67.000 11738.700 109209.000
4.000 68.000 567.100 3937.800
4.000 69.000 471.900 3276.400
4.000 70.000 410.900 2852.100
4.000 71.000 495.200 3437.100
4.000 72.000 10593.900 92999.300
4.000 73.000 79.800 555.500
4.000 74.000 349.700 2427.300
4.000 75.000 96.400 667.300
4.000 76.000 483.600 3357.300
4.000 77.000 1884.900 11371.600
4.000 78.000 10564.900 92680.300
4.000 79.000 10790.400 95186.800
4.000 80.000 436.900 3032.800
4.000 81.000 10366.200 90472.900
4.000 82.000 10651.400 93642.300
4.000 83.000 10923.300 96660.400
4.000 84.000 711.300 4942.500
4.000 85.000 10758.700 94676.800
4.000 86.000 96.400 667.300
4.000 87.000 10794.000 95225.900
4.000 88.000 1.100 8.100
4.000 89.000 10513.100 92104.500
4.000 90.000 10652.400 93653.400
4.000 91.000 10623.200 93326.700
4.000 92.000 10564.900 92680.300
4.000 93.000 10792.700 95211.200
4.000 94.000 643.100 4465.900
4.000 95.000 179.800 1248.100
4.000 96.000 10918.000 96601.600
4.000 97.000 684.400 4754.400
4.000 98.000 10821.700 95532.700
4.000 99.000 474.800 3296.200
5.000 0.000 395.900 4394.600
5.000 1.000 9755.900 85689.700
5.000 2.000 666.100 7395.200
5.000 3.000 557.600 6193.400
5.000 4.000 10233.900 89008.000
5.000 6.000 9590.800 84542.100
5.000 7.000 10234.500 89012.200
5.000 8.000 10339.200 89737.000
5.000 9.000 10009.100 87445.500
5.000 10.000 455.200 5058.400
5.000 11.000 557.400 6191.600
5.000 12.000 261.800 2907.100
5.000 13.000 197.500 2193.100
5.000 14.000 10099.800 88074.700
5.000 15.000 132.000 1464.900
5.000 16.000 597.800 6638.500
5.000 17.000 377.700 4191.500
5.000 18.000 275.900 3062.800
5.000 19.000 520.100 5778.800
5.000 20.000 347.500 3858.300
5.000 21.000 537.800 5974.900
5.000 22.000 646.500 6512.600
5.000 23.000 554.200 6157.100
5.000 24.000 556.200 6178.900
5.000 25.000 10330.800 89678.700
5.000 26.000 381.400 4233.100
5.000 27.000 277.400 3079.700
5.000 28.000 10285.200 89361.800
5.000 29.000 9796.000 85968.300
5.000 30.000 9667.900 85078.400
5.000 31.000 438.300 4870.200
5.000 32.000 377.700 4191.500
5.000 33.000 10413.700 90256.100
5.000 34.000 277.400 3079.700
5.000 35.000 9884.200 86580.600
5.000 36.000 555.200 6167.700
5.000 37.000 9797.000 85975.200
5.000 38.000 54.700 609.600
5.000 39.000 556.700 6184.300
5.000 40.000 130.700 1450.600
5.000 41.000 375.900 4171.400
5.000 42.000 572.700 6360.900
5.000 43.000 9549.500 84253.500
5.000 44.000 132.000 1464.900
5.000 45.000 10236.900 89029.100
5.000 46.000 634.500 7046.200
5.000 47.000 554.700 6162.400
5.000 48.000 456.100 5067.500
5.000 49.000 10330.800 89678.700
5.000 50.000 220.900 2454.000
5.000 51.000 9988.700 87303.700
5.000 52.000 554.200 6157.100
5.000 53.000 10234.500 89012.200
5.000 54.000 511.900 5687.200
5.000 55.000 10185.700 88672.100
5.000 56.000 9770.500 85790.900
5.000 57.000 9884.800 86585.100
5.000 58.000 330.700 3672.400
5.000 59.000 453.600 5040.200
5.000 60.000 664.500 7377.700
5.000 61.000 9885.400 86589.400
5.000 62.000 646.500 6512.600
5.000 63.000 330.200 3667.100
5.000 64.000 10285.200 89361.800
5.000 65.000 564.200 6266.900
5.000 66.000 10041.800 87672.800
5.000 67.000 5014.400 53625.500
5.000 68.000 9666.800 85070.200
5.000 69.000 9762.000 85731.600
5.000 70.000 9823.000 86155.900
5.000 71.000 9738.700 85570.800
5.000 72.000 359.700 3991.300
5.000 73.000 10154.100 88452.400
5.000 74.000 9884.200 86580.600
5.000 75.000 10330.300 89675.200
5.000 76.000 9750.300 85650.700
5.000 77.000 9683.400 83521.200
5.000 78.000 330.700 3672.400
5.000 79.000 556.200 6178.900
5.000 80.000 9797.000 85975.200
5.000 81.000 132.000 1464.900
5.000 82.000 417.200 4634.300
5.000 83.000 689.100 7652.400
5.000 84.000 9522.600 84065.400
5.000 85.000 524.500 5668.800
5.000 86.000 10330.300 89675.200
5.000 87.000 559.800 6218.000
5.000 88.000 10235.000 89016.000
5.000 89.000 278.900 3096.500
5.000 90.000 418.200 4645.400
5.000 91.000 389.000 4318.700
5.000 92.000 330.700 3672.400
5.000 93.000 558.500 6203.200
5.000 94.000 9590.800 84542.100
5.000 95.000 10413.700 90256.100
5.000 96.000 683.800 7593.600
5.000 97.000 9549.500 84253.500
5.000 98.000 587.500 6524.700
5.000 99.000 9759.100 85711.800
6.000 0.000 9987.000 88936.700
6.000 1.000 165.100 1147.600
6.000 2.000 10257.200 91937.300
6.000 3.000 10148.700 90735.500
6.000 4.000 643.100 4465.900
6.000 5.000 9591.100 84542.100
6.000 7.000 643.700 4470.100
6.000 8.000 748.400 5194.900
6.000 9.000 418.300 2903.400
6.000 10.000 10046.300 89600.500
6.000 11.000 10148.500 90733.700
6.000 12.000 9852.900 87449.200
6.000 13.000 9788.600 86735.200
6.000 14.000 509.000 3532.600
6.000 15.000 9723.100 86007.000
6.000 16.000 10188.900 91180.600
6.000 17.000 9968.800 88733.600
6.000 18.000 9867.000 87604.900
6.000 19.000 10111.200 90320.900
6.000 20.000 9938.600 88400.400
6.000 21.000 10128.900 90517.000
6.000 22.000 10237.600 91054.700
6.000 23.000 10145.300 90699.200
6.000 24.000 10147.300 90721.000
6.000 25.000 740.000 5136.600
6.000 26.000 9972.500 88775.200
6.000 27.000 9868.500 87621.800
6.000 28.000 694.400 4819.700
6.000 29.000 205.200 1426.200
6.000 30.000 77.100 536.300
6.000 31.000 10029.400 89412.300
6.000 32.000 9968.800 88733.600
6.000 33.000 822.900 5714.000
6.000 34.000 9868.500 87621.800
6.000 35.000 293.400 2038.500
6.000 36.000 10146.300 90709.800
6.000 37.000 206.200 1433.100
6.000 38.000 9645.800 85151.700
6.000 39.000 10147.800 90726.400
6.000 40.000 9721.800 85992.700
6.000 41.000 9967.000 88713.500
6.000 42.000 10163.800 90903.000
6.000 43.000 41.300 288.600
6.000 44.000 9723.100 86007.000
6.000 45.000 646.100 4487.000
6.000 46.000 10225.600 91588.300
6.000 47.000 10145.800 90704.500
6.000 48.000 10047.200 89609.600
6.000 49.000 740.000 5136.600
6.000 50.000 9812.000 86996.100
6.000 51.000 397.900 2761.600
6.000 52.000 10145.300 90699.200
6.000 53.000 643.700 4470.100
6.000 54.000 10103.000 90229.300
6.000 55.000 594.900 4130.000
6.000 56.000 179.700 1248.800
6.000 57.000 294.000 2043.000
6.000 58.000 9921.800 88214.500
6.000 59.000 10044.700 89582.300
6.000 60.000 10255.600 91919.800
6.000 61.000 294.600 2047.300
6.000 62.000 10237.600 91054.700
6.000 63.000 9921.300 88209.200
6.000 64.000 694.400 4819.700
6.000 65.000 10155.300 90809.000
6.000 66.000 451.000 3130.700
6.000 67.000 11095.600 104743.100
6.000 68.000 76.000 528.100
6.000 69.000 171.200 1189.500
6.000 70.000 232.200 1613.800
6.000 71.000 147.900 1028.700
6.000 72.000 9950.800 88533.400
6.000 73.000 563.300 3910.300
6.000 74.000 293.400 2038.500
6.000 75.000 739.500 5133.100
6.000 76.000 159.500 1108.600
6.000 77.000 1241.800 6905.800
6.000 78.000 9921.800 88214.500
6.000 79.000 10147.300 90721.000
6.000 80.000 206.200 1433.100
6.000 81.000 9723.100 86007.000
6.000 82.000 10008.300 89176.400
6.000 83.000 10280.200 92194.500
6.000 84.000 68.200 476.700
6.000 85.000 10115.600 90210.900
6.000 86.000 739.500 5133.100
6.000 87.000 10150.900 90760.100
6.000 88.000 644.200 4473.900
6.000 89.000 9870.000 87638.600
6.000 90.000 10009.300 89187.500
6.000 91.000 9980.100 88860.800
6.000 92.000 9921.800 88214.500
6.000 93.000 10149.600 90745.300
6.000 95.000 822.900 5714.000
6.000 96.000 10274.900 92135.700
6.000 97.000 41.300 288.600
6.000 98.000 10178.600 91066.800
6.000 99.000 168.300 1169.700
7.000 0.000 10630.700 93406.900
7.000 1.000 478.600 3322.500
7.000 2.000 10900.900 96407.400
7.000 3.000 10792.400 95205.600
7.000 4.000 0.600 4.300
7.000 5.000 10234.800 89012.200
7.000 6.000 643.700 4470.100
7.000 8.000 104.700 724.800
7.000 9.000 225.400 1566.800
7.000 10.000 10690.000 94070.600
7.000 11.000 10792.200 95203.800
7.000 12.000 10496.600 91919.300
7.000 13.000 10432.300 91205.300
7.000 14.000 134.700 937.500
7.000 15.000 10366.800 90477.200
7.000 16.000 10832.600 95650.700
7.000 17.000 10612.500 93203.700
7.000 18.000 10510.700 92075.100
7.000 19.000 10754.900 94791.100
7.000 20.000 10582.300 92870.600
7.000 21.000 10772.600 94987.100
7.000 22.000 10881.300 95524.900
7.000 23.000 10789.000 95169.300
7.000 24.000 10791.000 95191.100
7.000 25.000 96.300 666.400
7.000 26.000 10616.200 93245.400
7.000 27.000 10512.200 92092.000
7.000 28.000 50.700 349.500
7.000 29.000 438.500 3043.900
7.000 30.000 566.600 3933.800
7.000 31.000 10673.100 93882.400
7.000 32.000 10612.500 93203.700
7.000 33.000 179.200 1243.800
7.000 34.000 10512.200 92092.000
7.000 35.000 350.300 2431.600
7.000 36.000 10790.000 95179.900
7.000 37.000 437.500 3037.000
7.000 38.000 10289.500 89621.800
7.000 39.000 10791.500 95196.600
7.000 40.000 10365.500 90462.800
7.000 41.000 10610.700 93183.600
7.000 42.000 10807.500 95373.100
7.000 43.000 685.000 4758.700
7.000 44.000 10366.800 90477.200
7.000 45.000 2.400 16.900
7.000 46.000 10869.300 96058.400
7.000 47.000 10789.500 95174.700
7.000 48.000 10690.900 94079.700
7.000 49.000 96.300 666.400
7.000 50.000 10455.700 91466.200
7.000 51.000 245.800 1708.600
7.000 52.000 10789.000 95169.300
7.000 54.000 10746.700 94699.500
7.000 55.000 48.800 340.100
7.000 56.000 464.000 3221.300
7.000 57.000 349.700 2427.100
7.000 58.000 10565.500 92684.600
7.000 59.000 10688.400 94052.400
7.000 60.000 10899.300 96390.000
7.000 61.000 349.100 2422.900
7.000 62.000 10881.300 95524.900
7.000 63.000 10565.000 92679.300
7.000 64.000 50.700 349.500
7.000 65.000 10799.000 95279.100
7.000 66.000 192.700 1339.400
7.000 67.000 11739.300 109213.200
7.000 68.000 567.700 3942.000
7.000 69.000 472.500 3280.700
7.000 70.000 411.500 2856.300
7.000 71.000 495.800 3441.400
7.000 72.000 10594.500 93003.600
7.000 73.000 80.400 559.800
7.000 74.000 350.300 2431.600
7.000 75.000 95.800 663.000
7.000 76.000 484.200 3361.600
7.000 77.000 1885.500 11375.900
7.000 78.000 10565.500 92684.600
7.000 79.000 10791.000 95191.100
7.000 80.000 437.500 3037.000
7.000 81.000 10366.800 90477.200
7.000 82.000 10652.000 93646.500
7.000 83.000 10923.900 96664.700
7.000 84.000 711.900 4946.800
7.000 85.000 10759.300 94681.000
7.000 86.000 95.800 663.000
7.000 87.000 10794.600 95230.200
7.000 88.000 0.500 3.800
7.000 89.000 10513.700 92108.700
7.000 90.000 10653.000 93657.600
7.000 91.000 10623.800 93330.900
7.000 92.000 10565.500 92684.600
7.000 93.000 10793.300 95215.400
7.000 94.000 643.700 4470.100
7.000 95.000 179.200 1243.800
7.000 96.000 10918.600 96605.900
7.000 97.000 685.000 4758.700
7.000 98.000 10822.300 95536.900
7.000 99.000 475.400 3300.400
8.000 0.000 10735.400 94131.700
8.000 1.000 583.300 4047.300
8.000 2.000 11005.600 97132.300
8.000 3.000 10897.100 95930.400
8.000 4.000 105.300 729.100
8.000 5.000 10339.500 89737.000
8.000 6.000 748.400 5194.900
8.000 7.000 104.700 724.800
8.000 9.000 330.100 2291.600
8.000 10.000 10794.700 94795.500
8.000 11.000 10896.900 95928.600
8.000 12.000 10601.300 92644.100
8.000 13.000 10537.000 91930.100
8.000 14.000 239.400 1662.300
8.000 15.000 10471.500 91202.000
8.000 16.000 10937.300 96375.500
8.000 17.000 10717.200 93928.500
8.000 18.000 10615.400 92799.900
8.000 19.000 10859.600 95515.900
8.000 20.000 10687.000 93595.400
8.000 21.000 10877.300 95711.900
8.000 22.000 10986.000 96249.700
8.000 23.000 10893.700 95894.200
8.000 24.000 10895.700 95915.900
8.000 25.000 8.400 58.400
8.000 26.000 10720.900 93970.200
8.000 27.000 10616.900 92816.800
8.000 28.000 54.000 375.300
8.000 29.000 543.200 3768.800
8.000 30.000 671.300 4658.700
8.000 31.000 10777.800 94607.200
8.000 32.000 10717.200 93928.500
8.000 33.000 74.500 519.000
8.000 34.000 10616.900 92816.800
8.000 35.000 455.000 3156.400
8.000 36.000 10894.700 95904.700
8.000 37.000 542.200 3761.800
8.000 38.000 10394.200 90346.700
8.000 39.000 10896.200 95921.400
8.000 40.000 10470.200 91187.600
8.000 41.000 10715.400 93908.400
8.000 42.000 10912.200 96097.900
8.000 43.000 789.700 5483.500
8.000 44.000 10471.500 91202.000
8.000 45.000 102.300 707.900
8.000 46.000 10974.000 96783.300
8.000 47.000 10894.200 95899.500
8.000 48.000 10795.600 94804.500
8.000 49.000 8.400 58.400
8.000 50.000 10560.400 92191.000
8.000 51.000 350.500 2433.400
8.000 52.000 10893.700 95894.200
8.000 53.000 104.700 724.800
8.000 54.000 10851.400 95424.300
8.000 55.000 153.500 1064.900
8.000 56.000 568.700 3946.100
8.000 57.000 454.400 3151.900
8.000 58.000 10670.200 93409.400
8.000 59.000 10793.100 94777.200
8.000 60.000 11004.000 97114.800
8.000 61.000 453.800 3147.700
8.000 62.000 10986.000 96249.700
8.000 63.000 10669.700 93404.200
8.000 64.000 54.000 375.300
8.000 65.000 10903.700 96004.000
8.000 66.000 297.400 2064.200
8.000 67.000 11844.000 109938.100
8.000 68.000 672.400 4666.800
8.000 69.000 577.200 4005.500
8.000 70.000 516.200 3581.100
8.000 71.000 600.500 4166.200
8.000 72.000 10699.200 93728.400
8.000 73.000 185.100 1284.600
8.000 74.000 455.000 3156.400
8.000 75.000 8.900 61.800
8.000 76.000 588.900 4086.400
8.000 77.000 1990.200 12100.700
8.000 78.000 10670.200 93409.400
8.000 79.000 10895.700 95915.900
8.000 80.000 542.200 3761.800
8.000 81.000 10471.500 91202.000
8.000 82.000 10756.700 94371.400
8.000 83.000 11028.600 97389.500
8.000 84.000 816.600 5671.600
8.000 85.000 10864.000 95405.800
8.000 86.000 8.900 61.800
8.000 87.000 10899.300 95955.000
8.000 88.000 104.200 721.000
8.000 89.000 10618.400 92833.500
8.000 90.000 10757.700 94382.400
8.000 91.000 10728.500 94055.800
8.000 92.000 10670.200 93409.400
8.000 93.000 10898.000 95940.300
8.000 94.000 748.400 5194.900
8.000 95.000 74.500 519.000
8.000 96.000 11023.300 97330.700
8.000 97.000 789.700 5483.500
8.000 98.000 10927.000 96261.700
8.000 99.000 580.100 4025.200
9.000 0.000 10405.300 91840.100
9.000 1.000 253.200 1755.700
9.000 2.000 10675.500 94840.700
9.000 3.000 10567.000 93638.800
9.000 4.000 224.800 1562.500
9.000 5.000 10009.400 87445.500
9.000 6.000 418.300 2903.400
9.000 7.000 225.400 1566.800
9.000 8.000 330.100 2291.600
9.000 10.000 10464.600 92503.900
9.000 11.000 10566.800 93637.000
9.000 12.000 10271.200 90352.500
9.000 13.000 10206.900 89638.500
9.000 14.000 90.700 629.200
9.000 15.000 10141.400 88910.400
9.000 16.000 10607.200 94084.000
9.000 17.000 10387.100 91636.900
9.000 18.000 10285.300 90508.300
9.000 19.000 10529.500 93224.300
9.000 20.000 10356.900 91303.800
9.000 21.000 10547.200 93420.400
9.000 22.000 10655.900 93958.100
9.000 23.000 10563.600 93602.600
9.000 24.000 10565.600 93624.300
9.000 25.000 321.700 2233.200
9.000 26.000 10390.800 91678.600
9.000 27.000 10286.800 90525.200
9.000 28.000 276.100 1916.300
9.000 29.000 213.100 1477.200
9.000 30.000 341.200 2367.100
9.000 31.000 10447.700 92315.600
9.000 32.000 10387.100 91636.900
9.000 33.000 404.600 2810.600
9.000 34.000 10286.800 90525.200
9.000 35.000 124.900 864.800
9.000 36.000 10564.600 93613.100
9.000 37.000 212.100 1470.300
9.000 38.000 10064.100 88055.100
9.000 39.000 10566.100 93629.800
9.000 40.000 10140.100 88896.000
9.000 41.000 10385.300 91616.800
9.000 42.000 10582.100 93806.400
9.000 43.000 459.600 3191.900
9.000 44.000 10141.400 88910.400
9.000 45.000 227.800 1583.700
9.000 46.000 10643.900 94491.700
9.000 47.000 10564.100 93607.900
9.000 48.000 10465.500 92512.900
9.000 49.000 321.700 2233.200
9.000 50.000 10230.300 89899.400
9.000 51.000 20.400 141.800
9.000 52.000 10563.600 93602.600
9.000 53.000 225.400 1566.800
9.000 54.000 10521.300 93132.700
9.000 55.000 176.600 1226.700
9.000 56.000 238.600 1654.500
9.000 57.000 124.300 860.300
9.000 58.000 10340.100 91117.800
9.000 59.000 10463.000 92485.600
9.000 60.000 10673.900 94823.200
9.000 61.000 123.700 856.100
9.000 62.000 10655.900 93958.100
9.000 63.000 10339.600 91112.600
9.000 64.000 276.100 1916.300
9.000 65.000 10573.600 93712.400
9.000 66.000 32.700 227.400
9.000 67.000 11513.900 107646.500
9.000 68.000 342.300 2375.200
9.000 69.000 247.100 1713.900
9.000 70.000 186.100 1289.600
9.000 71.000 270.400 1874.600
9.000 72.000 10369.100 91436.800
9.000 73.000 145.000 1007.000
9.000 74.000 124.900 864.800
9.000 75.000 321.200 2229.800
9.000 76.000 258.800 1794.800
9.000 77.000 1660.100 9809.100
9.000 78.000 10340.100 91117.800
9.000 79.000 10565.600 93624.300
9.000 80.000 212.100 1470.300
9.000 81.000 10141.400 88910.400
9.000 82.000 10426.600 92079.800
9.000 83.000 10698.500 95097.900
9.000 84.000 486.500 3380.000
9.000 85.000 10533.900 93114.300
9.000 86.000 321.200 2229.800
9.000 87.000 10569.200 93663.400
9.000 88.000 225.900 1570.600
9.000 89.000 10288.300 90542.000
9.000 90.000 10427.600 92090.800
9.000 91.000 10398.400 91764.200
9.000 92.000 10340.100 91117.800
9.000 93.000 10567.900 93648.700
9.000 94.000 418.300 2903.400
9.000 95.000 404.600 2810.600
9.000 96.000 10693.200 95039.100
9.000 97.000 459.600 3191.900
9.000 98.000 10596.900 93970.200
9.000 99.000 250.000 1733.600
10.000 0.000 59.300 663.800
10.000 1.000 10211.100 90748.200
10.000 2.000 210.900 2336.800
10.000 3.000 102.400 1135.000
10.000 4.000 10689.100 94066.400
10.000 5.000 455.200 5058.400
10.000 6.000 10046.000 89600.500
10.000 7.000 10689.700 94070.600
10.000 8.000 10794.400 94795.500
10.000 9.000 10464.300 92503.900
10.000 11.000 102.200 1133.200
10.000 12.000 193.400 2151.300
10.000 13.000 257.700 2865.400
10.000 14.000 10555.000 93133.100
10.000 15.000 323.200 3593.500
10.000 16.000 142.600 1580.100
10.000 17.000 77.500 866.900
10.000 18.000 179.300 1995.600
10.000 19.000 64.900 720.400
10.000 20.000 107.700 1200.100
10.000 21.000 82.600 916.500
10.000 22.000 191.300 1454.200
10.000 23.000 99.000 1098.700
10.000 24.000 101.000 1120.400
10.000 25.000 10786.000 94737.100
10.000 26.000 73.800 825.300
10.000 27.000 177.800 1978.700
10.000 28.000 10740.400 94420.200
10.000 29.000 10251.200 91026.700
10.000 30.000 10123.100 90136.800
10.000 31.000 16.900 188.300
10.000 32.000 77.500 866.900
10.000 33.000 10868.900 95314.500
10.000 34.000 177.800 1978.700
10.000 35.000 10339.400 91639.000
10.000 36.000 100.000 1109.200
10.000 37.000 10252.200 91033.600
10.000 38.000 400.500 4448.800
10.000 39.000 101.500 1125.900
10.000 40.000 324.500 3607.800
10.000 41.000 79.300 887.000
10.000 42.000 117.500 1302.500
10.000 43.000 10004.700 89312.000
10.000 44.000 323.200 3593.500
10.000 45.000 10692.100 94087.600
10.000 46.000 179.300 1987.800
10.000 47.000 99.500 1104.000
10.000 48.000 0.900 9.100
10.000 49.000 10786.000 94737.100
10.000 50.000 234.300 2604.400
10.000 51.000 10443.900 92362.100
10.000 52.000 99.000 1098.700
10.000 53.000 10689.700 94070.600
10.000 54.000 56.700 628.800
10.000 55.000 10640.900 93730.500
10.000 56.000 10225.700 90849.400
10.000 57.000 10340.000 91643.500
10.000 58.000 124.500 1386.100
10.000 59.000 1.600 18.200
10.000 60.000 209.300 2319.300
10.000 61.000 10340.600 91647.800
10.000 62.000 191.300 1454.200
10.000 63.000 125.000 1391.300
10.000 64.000 10740.400 94420.200
10.000 65.000 109.000 1208.500
10.000 66.000 10497.000 92731.300
10.000 67.000 5469.600 58683.900
10.000 68.000 10122.000 90128.600
10.000 69.000 10217.200 90790.000
10.000 70.000 10278.200 91214.300
10.000 71.000 10193.900 90629.300
10.000 72.000 95.500 1067.100
10.000 73.000 10609.300 93510.800
10.000 74.000 10339.400 91639.000
10.000 75.000 10785.500 94733.600
10.000 76.000 10205.500 90709.100
10.000 77.000 10138.600 88579.600
10.000 78.000 124.500 1386.100
10.000 79.000 101.000 1120.400
10.000 80.000 10252.200 91033.600
10.000 81.000 323.200 3593.500
10.000 82.000 38.000 424.100
10.000 83.000 233.900 2594.000
10.000 84.000 9977.800 89123.800
10.000 85.000 69.300 610.400
10.000 86.000 10785.500 94733.600
10.000 87.000 104.600 1159.500
10.000 88.000 10690.200 94074.400
10.000 89.000 176.300 1961.900
10.000 90.000 37.000 413.000
10.000 91.000 66.200 739.700
10.000 92.000 124.500 1386.100
10.000 93.000 103.300 1144.800
10.000 94.000 10046.000 89600.500
10.000 95.000 10868.900 95314.500
10.000 96.000 228.600 2535.200
10.000 97.000 10004.700 89312.000
10.000 98.000 132.300 1466.300
10.000 99.000 10214.300 90770.200
11.000 0.000 161.500 1796.900
11.000 1.000 10313.300 91881.300
11.000 2.000 108.700 1203.600
11.000 3.000 0.200 1.800
11.000 4.000 10791.300 95199.500
11.000 5.000 557.400 6191.600
11.000 6.000 10148.200 90733.700
11.000 7.000 10791.900 95203.800
11.000 8.000 10896.600 95928.600
11.000 9.000 10566.500 93637.000
11.000 10.000 102.200 1133.200
11.000 12.000 295.600 3284.500
11.000 13.000 359.900 3998.500
11.000 14.000 10657.200 94266.300
11.000 15.000 425.400 4726.600
11.000 16.000 40.400 446.900
11.000 17.000 179.700 2000.100
11.000 18.000 281.500 3128.700
11.000 19.000 37.300 412.700
11.000 20.000 209.900 2333.300
11.000 21.000 19.600 216.700
11.000 22.000 237.700 1889.100
11.000 23.000 3.200 34.500
11.000 24.000 1.200 12.700
11.000 25.000 10888.200 95870.200
11.000 26.000 176.000 1958.400
11.000 27.000 280.000 3111.800
11.000 28.000 10842.600 95553.300
11.000 29.000 10353.400 92159.900
11.000 30.000 10225.300 91270.000
11.000 31.000 119.100 1321.400
11.000 32.000 179.700 2000.100
11.000 33.000 10971.100 96447.600
11.000 34.000 280.000 3111.800
11.000 35.000 10441.600 92772.200
11.000 36.000 2.200 23.900
11.000 37.000 10354.400 92166.800
11.000 38.000 502.700 5582.000
11.000 39.000 0.700 7.200
11.000 40.000 426.700 4741.000
11.000 41.000 181.500 2020.200
11.000 42.000 15.300 169.300
11.000 43.000 10106.900 90445.100
11.000 44.000 425.400 4726.600
11.000 45.000 10794.300 95220.700
11.000 46.000 77.100 854.600
11.000 47.000 2.700 29.200
11.000 48.000 101.300 1124.100
11.000 49.000 10888.200 95870.200
11.000 50.000 336.500 3737.600
11.000 51.000 10546.100 93495.200
11.000 52.000 3.200 34.500
11.000 53.000 10791.900 95203.800
11.000 54.000 45.500 504.300
11.000 55.000 10743.100 94863.700
11.000 56.000 10327.900 91982.500
11.000 57.000 10442.200 92776.700
11.000 58.000 226.700 2519.200
11.000 59.000 103.800 1151.400
11.000 60.000 107.100 1186.200
11.000 61.000 10442.800 92780.900
11.000 62.000 237.700 1889.100
11.000 63.000 227.200 2524.500
11.000 64.000 10842.600 95553.300
11.000 65.000 6.800 75.300
11.000 66.000 10599.200 93864.400
11.000 67.000 5571.800 59817.100
11.000 68.000 10224.200 91261.800
11.000 69.000 10319.400 91923.100
11.000 70.000 10380.400 92347.500
11.000 71.000 10296.100 91762.400
11.000 72.000 197.700 2200.300
11.000 73.000 10711.500 94644.000
11.000 74.000 10441.600 92772.200
11.000 75.000 10887.700 95866.800
11.000 76.000 10307.700 91842.200
11.000 77.000 10240.800 89712.800
11.000 78.000 226.700 2519.200
11.000 79.000 1.200 12.700
11.000 80.000 10354.400 92166.800
11.000 81.000 425.400 4726.600
11.000 82.000 140.200 1557.300
11.000 83.000 131.700 1460.800
11.000 84.000 10080.000 90257.000
11.000 85.000 115.700 1045.300
11.000 86.000 10887.700 95866.800
11.000 87.000 2.400 26.400
11.000 88.000 10792.400 95207.600
11.000 89.000 278.500 3095.100
11.000 90.000 139.200 1546.200
11.000 91.000 168.400 1872.900
11.000 92.000 226.700 2519.200
11.000 93.000 1.100 11.600
11.000 94.000 10148.200 90733.700
11.000 95.000 10971.100 96447.600
11.000 96.000 126.400 1402.100
11.000 97.000 10106.900 90445.100
11.000 98.000 30.100 333.100
11.000 99.000 10316.500 91903.400
12.000 0.000 134.100 1487.600
12.000 1.000 10017.700 88596.800
12.000 2.000 404.300 4488.100
12.000 3.000 295.800 3286.300
12.000 4.000 10495.700 91915.000
12.000 5.000 261.800 2907.100
12.000 6.000 9852.600 87449.200
12.000 7.000 10496.300 91919.300
12.000 8.000 10601.000 92644.100
12.000 9.000 10270.900 90352.500
12.000 10.000 193.400 2151.300
12.000 11.000 295.600 3284.500
12.000 13.000 64.300 714.000
12.000 14.000 10361.600 90981.800
12.000 15.000 129.800 1442.100
12.000 16.000 336.000 3731.400
12.000 17.000 115.900 1284.400
12.000 18.000 14.100 155.800
12.000 19.000 258.300 2871.800
12.000 20.000 85.700 951.200
12.000 21.000 276.000 3067.800
12.000 22.000 384.700 3605.500
12.000 23.000 292.400 3250.000
12.000 24.000 294.400 3271.800
12.000 25.000 10592.600 92585.700
12.000 26.000 119.600 1326.100
12.000 27.000 15.600 172.700
12.000 28.000 10547.000 92268.800
12.000 29.000 10057.800 88875.400
12.000 30.000 9929.700 87985.500
12.000 31.000 176.500 1963.100
12.000 32.000 115.900 1284.400
12.000 33.000 10675.500 93163.100
12.000 34.000 15.600 172.700
12.000 35.000 10146.000 89487.700
12.000 36.000 293.400 3260.600
12.000 37.000 10058.800 88882.300
12.000 38.000 207.100 2297.500
12.000 39.000 294.900 3277.300
12.000 40.000 131.100 1456.500
12.000 41.000 114.100 1264.300
12.000 42.000 310.900 3453.800
12.000 43.000 9811.300 87160.600
12.000 44.000 129.800 1442.100
12.000 45.000 10498.700 91936.200
12.000 46.000 372.700 4139.100
12.000 47.000 292.900 3255.300
12.000 48.000 194.300 2160.400
12.000 49.000 10592.600 92585.700
12.000 50.000 40.900 453.100
12.000 51.000 10250.500 90210.700
12.000 52.000 292.400 3250.000
12.000 53.000 10496.300 91919.300
12.000 54.000 250.100 2780.200
12.000 55.000 10447.500 91579.200
12.000 56.000 10032.300 88698.000
12.000 57.000 10146.600 89492.200
12.000 58.000 68.900 765.300
12.000 59.000 191.800 2133.100
12.000 60.000 402.700 4470.700
12.000 61.000 10147.200 89496.400
12.000 62.000 384.700 3605.500
12.000 63.000 68.400 760.000
12.000 64.000 10547.000 92268.800
12.000 65.000 302.400 3359.800
12.000 66.000 10303.600 90579.900
12.000 67.000 5276.200 56532.600
12.000 68.000 9928.600 87977.300
12.000 69.000 10023.800 88638.600
12.000 70.000 10084.800 89063.000
12.000 71.000 10000.500 88477.900
12.000 72.000 97.900 1084.200
12.000 73.000 10415.900 91359.500
12.000 74.000 10146.000 89487.700
12.000 75.000 10592.100 92582.300
12.000 76.000 10012.100 88557.700
12.000 77.000 9945.200 86428.300
12.000 78.000 68.900 765.300
12.000 79.000 294.400 3271.800
12.000 80.000 10058.800 88882.300
12.000 81.000 129.800 1442.100
12.000 82.000 155.400 1727.200
12.000 83.000 427.300 4745.300
12.000 84.000 9784.400 86972.500
12.000 85.000 262.700 2761.700
12.000 86.000 10592.100 92582.300
12.000 87.000 298.000 3310.900
12.000 88.000 10496.800 91923.100
12.000 89.000 17.100 189.400
12.000 90.000 156.400 1738.300
12.000 91.000 127.200 1411.600
12.000 92.000 68.900 765.300
12.000 93.000 296.700 3296.100
12.000 94.000 9852.600 87449.200
12.000 95.000 10675.500 93163.100
12.000 96.000 422.000 4686.600
12.000 97.000 9811.300 87160.600
12.000 98.000 325.700 3617.600
12.000 99.000 10020.900 88618.900
13.000 0.000 198.400 2201.600
13.000 1.000 9953.400 87882.800
13.000 2.000 468.600 5202.200
13.000 3.000 360.100 4000.300
13.000 4.000 10431.400 91201.000
13.000 5.000 197.500 2193.100
13.000 6.000 9788.300 86735.200
13.000 7.000 10432.000 91205.300
13.000 8.000 10536.700 91930.100
13.000 9.000 10206.600 89638.500
13.000 10.000 257.700 2865.400
13.000 11.000 359.900 3998.500
13.000 12.000 64.300 714.000
13.000 14.000 10297.300 90267.800
13.000 15.000 65.500 728.100
13.000 16.000 400.300 4445.400
13.000 17.000 180.200 1998.400
13.000 18.000 78.400 869.800
13.000 19.000 322.600 3585.800
13.000 20.000 150.000 1665.300
13.000 21.000 340.300 3781.800
13.000 22.000 449.000 4319.600
13.000 23.000 356.700 3964.100
13.000 24.000 358.700 3985.800
13.000 25.000 10528.300 91871.700
13.000 26.000 183.900 2040.100
13.000 27.000 79.900 886.700
13.000 28.000 10482.700 91554.800
13.000 29.000 9993.500 88161.400
13.000 30.000 9865.400 87271.400
13.000 31.000 240.800 2677.100
13.000 32.000 180.200 1998.400
13.000 33.000 10611.200 92449.100
13.000 34.000 79.900 886.700
13.000 35.000 10081.700 88773.700
13.000 36.000 357.700 3974.600
13.000 37.000 9994.500 88168.300
13.000 38.000 142.800 1583.400
13.000 39.000 359.200 3991.300
13.000 40.000 66.800 742.500
13.000 41.000 178.400 1978.300
13.000 42.000 375.200 4167.800
13.000 43.000 9747.000 86446.600
13.000 44.000 65.500 728.100
13.000 45.000 10434.400 91222.200
13.000 46.000 437.000 4853.100
13.000 47.000 357.200 3969.400
13.000 48.000 258.600 2874.400
13.000 49.000 10528.300 91871.700
13.000 50.000 23.400 260.900
13.000 51.000 10186.200 89496.700
13.000 52.000 356.700 3964.100
13.000 53.000 10432.000 91205.300
13.000 54.000 314.400 3494.200
13.000 55.000 10383.200 90865.200
13.000 56.000 9968.000 87984.000
13.000 57.000 10082.300 88778.200
13.000 58.000 133.200 1479.300
13.000 59.000 256.100 2847.100
13.000 60.000 467.000 5184.700
13.000 61.000 10082.900 88782.400
13.000 62.000 449.000 4319.600
13.000 63.000 132.700 1474.100
13.000 64.000 10482.700 91554.800
13.000 65.000 366.700 4073.800
13.000 66.000 10239.300 89865.900
13.000 67.000 5211.900 55818.600
13.000 68.000 9864.300 87263.300
13.000 69.000 9959.500 87924.600
13.000 70.000 10020.500 88349.000
13.000 71.000 9936.200 87763.900
13.000 72.000 162.200 1798.300
13.000 73.000 10351.600 90645.500
13.000 74.000 10081.700 88773.700
13.000 75.000 10527.800 91868.300
13.000 76.000 9947.800 87843.700
13.000 77.000 9880.900 85714.200
13.000 78.000 133.200 1479.300
13.000 79.000 358.700 3985.800
13.000 80.000 9994.500 88168.300
13.000 81.000 65.500 728.100
13.000 82.000 219.700 2441.300
13.000 83.000 491.600 5459.400
13.000 84.000 9720.100 86258.500
13.000 85.000 327.000 3475.700
13.000 86.000 10527.800 91868.300
13.000 87.000 362.300 4024.900
13.000 88.000 10432.500 91209.100
13.000 89.000 81.400 903.400
13.000 90.000 220.700 2452.300
13.000 91.000 191.500 2125.700
13.000 92.000 133.200 1479.300
13.000 93.000 361.000 4010.200
13.000 94.000 9788.300 86735.200
13.000 95.000 10611.200 92449.100
13.000 96.000 486.300 5400.600
13.000 97.000 9747.000 86446.600
13.000 98.000 390.000 4331.600
13.000 99.000 9956.600 87904.900
14.000 0.000 10496.000 92469.300
14.000 1.000 343.900 2385.000
14.000 2.000 10766.200 95469.900
14.000 3.000 10657.700 94268.100
14.000 4.000 134.100 933.300
14.000 5.000 10100.100 88074.700
14.000 6.000 509.000 3532.600
14.000 7.000 134.700 937.500
14.000 8.000 239.400 1662.300
14.000 9.000 90.700 629.200
14.000 10.000 10555.300 93133.100
14.000 11.000 10657.500 94266.300
14.000 12.000 10361.900 90981.800
14.000 13.000 10297.600 90267.800
14.000 15.000 10232.100 89539.600
14.000 16.000 10697.900 94713.200
14.000 17.000 10477.800 92266.200
14.000 18.000 10376.000 91137.500
14.000 19.000 10620.200 93853.500
14.000 20.000 10447.600 91933.000
